1438190836583743986648455811085645381701106035252004526030013576690152960598271319044234320992042611669277371829530542098060558315047193985061293387034458579707
582710952565614274756313302162688035870660215552321552548298122689122398356894158317479560274506813348378692792404919395046983902492538729822378694497141903577
610859137240827021569686139699990229412608299437888610420403623492593761649009817420324181912553320543228541005324286317806437704046552604986851203223344870768379643385617435325953678728895812216429324183608221115701940539104258988514487876033232538000424769612490660758161799622814710380588983540639851874287492247113
838049552356851153179686830974450857189471835246517468165578543652309141125598821045664647192950077429352560659015183150087005302101554091209541667041534188711430833448198708981108960723544901869434777867143365934623903458493987612025578758666859709896570493141438678029640520108409850672021447631530111867097762911939
783122136723970992758325880826264496261258272006589736511308950781783511293971784580072075411717633256214356515808830964646320186807148413750245725603293959
1012512778385636787249153778982019915662464463799631004525760484614536032619005694309928797565681181746956214463792576335495262583539223754891646879539226208629
125734838107691870841078258393508987109021422074625838294334704642439103977051734097730362488816694516947788716302341369203944690009234151395776646795247082804076603795185595108049819243223311410080190391788477940317083911541504949506323204127879541574236246914240737027404651707491642610672852750763038135482793231
28407289046087254703778797197187598627561842068814388645065917514798118323191015111581321115758844552995163247654417146727996471678053151474306426828576412163
115332539967902349041869026540256149205138967194889425296326762996148123914655504163774532085808068299900271947379097015000785643993546499063160685841677612081
2094128089364479237224827230121442943629955480063846818583792782972557147728869603773174297807833835666352320139664666952098765468056408180289819502457529464583141477729687260897360789521902470411622230829398670853124261847947925714254655508874303241988700865612326360531959602311122357610696253368924821059859222537
